prices
15
37
27
21
1
81
31
44
43
45
50
47
82
53
61
77
96
65
7
61
61
46
57
35
2
31
18
34
10
60
77
68
19
34
29
16
8
59
30
58
68
54
6
42
36
39
24
1
71
20
52
19
40
80
80
2
57
78
99
11
90
68
65
2
33
83
81
35
72
16
48
43
39
44
83
16
8
61
22
96
23
95
56
62
49
48
51
34
66
91
97
43
40
21
67
97
41
93
27
68
32
30
3
52
69
47
81
36
18
42
26
14
88
40
39
80
87
19
91
18
55
54
9
44
84
30
33
36
25
36
85
44
99
34
29
36
80
100
23
32
2
53
48
77
3
95
92
96
89
34
19
37
79
8
43
1
52
1
1
20
32
59
88
12
84
34
16
76
35
55
58
20
55
62
67
5
6
91
50
99
72
62
59
64
60
78
38
57
91
88
60
29
22
41
83
87
79
33
97
73
75
90
92
5
92
90
71
12
13
5
49
70
82
72
17
39
93
75
59
56
71
54
68
58
67
75
8
94
46
5
15
84
63
29
100
38
39
22
17
32
8
20
97
49
62
76
17
6
32
98
43
85
32
40
75
20
75
33
82
59
67
16
3
44
69
41
94
38
17
8
76
17
89
78
67
67
63
84
47
58
100
47
38
85
73
11
39
85
53
81
8
57
33
2
34
86
56
17
19
73
10
43
36
56
38
67
49
41
86
77
64
98
12
78
68
53
100
79
21
66
70
1
25
25
76
34
82
7
62
42
26
83
69
51
46
18
14
62
54
99
9
86
34
64
24
71
10
21
97
28
42
47
15
94
50
8
53
97
10
92
92
52
73
48
8
30
62
84
1
24
23
56
19
55
92
25
6
5
9
76
39
53
34
99
96
95
59
48
70
89
95
56
61
98
93
14
10
73
29
67
55
83
27
19
42
66
77
100
19
45
85
47
58
75
81
70
42
58
11
75
79
51
49
50
15
42
91
64
94
30
30
49
56
88
74
80
85
48
34
35
35
60
56
29
1
5
34
22
40
54
96
36
32
10
3
61
28
86
29
36
10
42
54
97
63
55
53
18
14
8
90
13
66
82
73
67
64
13
9
99
93
61
85
43
79
28
27
57
17
5
79
7
99
22
62
38
9
4
32
23
68
11
29
66
8
43
52
94
91
76
23
12
28
85
21
91
61
61
48
36
73
68
5
14
67
73
30
11
19
25
35
86
75
72
60
35
57
43
2
13
29
47
95
2
77
31
30
25
89
88
81
23
34
77
10
56
7
44
3
85
7
56
54
52
11
42
65
42
29
3
99
72
80
52
24
10
38
19
19
24
53
20
25
68
40
20
26
25
47
89
35
23
14
37
38
72
25
3
34
42
46
50
58
67
22
53
89
64
41
19
54
4
84
39
55
59
81
19
96
2
69
38
80
13
20
29
77
84
28
81
3
62
86
75
7
86
66
6
56
19
14
52
45
51
69
92
44
39
32
69
97
73
31
96
34
42
55
3
17
65
100
93
33
57
33
21
30
80
16
95
24
34
7
81
23
13
89
6
35
51
47
29
50
23
68
66
39
26
62
60
90
71
89
14
67
59
45
24
20
31
50
41
9
73
61
89
80
13
20
27
23
9
21
71
94
90
23
81
100
56
74
19
6
65
76
12
35
7
22
16
14
90
45
47
86
87
72
61
11
81
46
67
58
2
52
66
12
89
29
17
42
89
50
38
99
27
52
45
2
40
17
62
63
35
44
36
71
51
92
40
25
20
11
71
4
34
19
66
46
27
66
14
41
11
95
100
52
8
27
53
93
69
71
59
4
46
47
74
71
19
12
43
45
8
96
66
100
42
8
68
37
6
2
51
65
54
27
44
3
31
82
30
86
41
31
85
74
94
74
67
17
12
28
89
47
71
95
4
78
8
47
19
64
87
82
15
81
31
7
2
65
84
63
45
4
5
55
35
22
95
49
83
24
64
52
85
16
32
23
75
66
10
100
82
93
12
35
10
83
22
6
19
64
45
65
52
47
33
61
93
87
14
73
42
51
89
12
14
98
24
32
64
28
85
8
33
96
23
67
91
66
65
58
92
25
22
18
68
54
94
67
26
59
60
23
53
96
73
22
30
90
11
14
57
30
28
73
41
78
84
17
47
57
50
37
79
64
94
47
74
79
54
20
82
90
62
72
12
46
53
98
55
7
93
22
53
72
1
44
57
74
78
78
56
51
84
59
79
52
37
72
44
33
52
85
57
49
96
14
85
69
61
9
32
93
22
41
30
70
96

